20 02 02
06 01 01
19 03 03
17 04 03
04 03 02
09 07 03
07 04 01
01 05 02
02 02 01
01 10 01
05 05 01
08 03 03
15 07 01
07 03 03
11 04 03
08 04 02
16 02 02
15 06 02
12 07 01
10 09 03
11 09 03
17 01 02
18 03 02
02 05 02
01 07 01
15 09 03
13 09 01
17 01 03
12 08 03
06 06 01
18 06 03
12 04 03
17 05 02
05 03 01
05 07 01
04 06 01
17 03 02
10 08 02
18 09 01
19 01 01
03 02 01
01 01 03
13 08 03
17 09 02
18 08 03
18 10 02
01 06 02
15 09 02
03 03 03
10 02 01
02 06 03
17 07 03
11 02 02
02 01 02
18 02 03
19 09 02
14 10 02
09 08 01
16 03 03
20 08 03
04 09 02
16 04 02
09 08 02
05 09 02
02 02 03
17 10 01
01 07 03
20 04 03
10 05 02
07 10 03
16 05 01
09 07 02
03 08 03
09 03 01
12 08 02
09 10 01
17 05 03
04 08 01
16 01 01
04 05 03
02 09 03
02 07 01
04 02 03
16 01 02
14 02 01
14 09 02
07 05 02
17 05 01
10 03 02
17 07 01
09 05 03
07 08 01
02 08 02
19 10 01
05 09 01
17 03 03
11 06 01
12 05 02
07 06 03
20 02 03
11 02 03
13 02 02
02 01 01
03 02 02
17 06 01
19 05 01
11 04 02
13 04 01
06 09 02
20 09 02
06 06 02
11 03 03
01 07 02
10 07 03
16 06 02
08 07 01
07 01 01
11 08 01
01 01 01
13 03 01
09 09 02
02 08 01
20 01 01
08 09 01
14 03 02
01 08 02
06 08 02
11 01 02
16 09 03
11 05 02
02 10 02
03 03 01
10 10 02
06 03 02
19 10 02
14 06 02
08 09 03
03 10 03
04 06 03
11 09 02
03 10 01
14 02 02
19 02 03
06 05 02
14 08 02
08 10 03
12 09 02
09 06 01
03 07 02
18 07 01
04 10 03
03 09 02
04 05 01
09 07 01
08 06 03
09 04 01
01 03 03
14 10 01
16 02 03
09 09 01
05 06 02
08 08 01
16 07 02
01 10 02
14 07 03
20 06 03
08 01 01
10 07 01
18 02 02
05 09 03
06 01 03
16 08 01
06 09 03
08 02 03
14 09 01
06 10 02
03 09 03
01 05 03
13 01 03
11 03 02
02 02 02
10 01 02
08 08 02
05 01 02
20 10 02
02 06 02
11 03 01
11 01 03
07 01 02
13 09 02
12 01 02
14 07 01
05 01 03
12 10 02
09 10 03
12 09 03
08 10 02
09 02 01
08 07 02
13 06 03
13 10 03
14 08 01
13 02 01
07 09 03
05 06 01
08 06 02
18 06 01
01 02 02
10 10 01
15 07 03
19 03 02
14 05 03
09 05 01
06 03 01
10 01 01
19 05 02
17 09 01
14 01 01
18 03 01
20 08 01
03 06 01
14 05 02
14 01 03
07 04 02
03 05 01
08 05 02
10 01 03
17 02 03
07 09 01
07 02 01
19 02 01
13 08 02
20 05 03
11 10 03
19 01 02
18 04 02
01 09 02
13 04 03
17 06 02
03 08 02
02 03 02
13 10 01
15 08 01
13 07 03
16 03 02
15 01 03
08 06 01
11 06 03
16 05 02
19 04 01
12 04 01
09 02 03
18 05 03
12 02 01
12 04 02
10 06 01
05 07 03
16 10 01
09 05 02
20 10 03
20 04 02
05 03 02
19 02 02
20 06 01
19 09 03
03 09 01
14 03 03
01 03 01
11 07 01
15 06 01
07 05 03
19 09 01
17 01 01
19 08 03
13 06 02
09 01 01
05 02 01
16 05 03
11 10 01
17 07 02
15 09 01
06 07 01
13 03 02