01 01 01
01 01 02
01 01 03
01 02 01
01 02 02
01 02 03
01 03 01
01 03 02
01 03 03
01 05 01
01 05 02
01 05 03
02 01 01
02 01 02
02 01 03
02 02 01
02 02 02
02 02 03
02 03 01
02 03 02
02 03 03
02 05 01
02 05 02
02 05 03
03 01 01
03 01 02
03 01 03
03 02 01
03 02 02
03 02 03
03 03 01
03 03 02
03 03 03
03 05 01
03 05 02
03 05 03
04 01 01
04 01 02
04 01 03
04 02 01
04 02 02
04 02 03
04 03 01
04 03 02
04 05 01
04 05 02
04 05 03
05 01 01
05 01 02
05 01 03
05 02 01
05 02 02
05 02 03
05 03 01
05 03 02
05 03 03
05 05 01
05 05 02
05 05 03
06 01 01
06 01 02
06 01 03
06 02 01
06 02 02
06 02 03
06 03 01
06 03 02
06 03 03
06 05 01
06 05 02
06 05 03
07 01 01
07 01 02
07 01 03
07 02 01
07 02 02
07 02 03
07 03 01
07 03 02
07 03 03
07 04 01
07 04 02
07 05 01
07 05 02
07 05 03
08 01 01
08 01 02
08 01 03
08 02 01
08 02 02
08 02 03
08 03 01
08 03 02
08 03 03
08 04 01
08 04 02
08 04 03
08 05 01
08 05 02
08 05 03
09 01 01
09 01 02
09 01 03
09 02 01
09 02 02
09 02 03
09 03 01
09 03 02
09 03 03
09 04 01
09 04 02
09 04 03
09 05 01
09 05 02
09 05 03
10 01 01
10 01 02
10 01 03
10 02 01
10 02 02
10 02 03
10 03 01
10 03 02
10 03 03
10 04 01
10 04 02
10 04 03
10 05 01
10 05 02
10 05 03
11 01 01
11 01 02
11 01 03
11 02 01
11 02 02
11 02 03
11 03 01
11 03 02
11 03 03
11 04 01
11 04 02
11 04 03
11 05 01
11 05 02
11 05 03
12 01 01
12 01 02
12 01 03
12 02 01
12 02 02
12 02 03
12 03 01
12 03 02
12 03 03
12 04 01
12 04 02
12 04 03
12 05 01
12 05 02
12 05 03
13 01 01
13 01 02
13 01 03
13 02 01
13 02 02
13 02 03
13 03 01
13 03 02
13 03 03
13 04 01
13 04 02
13 04 03
13 05 01
13 05 02
13 05 03
14 01 01
14 01 02
14 01 03
14 02 01
14 02 02
14 02 03
14 03 01
14 03 02
14 03 03
14 04 01
14 04 02
14 04 03
14 05 01
14 05 02
14 05 03
15 01 01
15 01 02
15 01 03
15 02 01
15 02 02
16 01 01
16 01 02
16 01 03
16 02 01
16 02 02
16 02 03
16 03 01
16 03 02
16 03 03
16 04 01
16 04 02
16 04 03
16 05 01
16 05 02
16 05 03
17 01 01
17 01 02
17 01 03
17 02 01
17 02 02
17 02 03
17 03 01
17 03 02
17 03 03
17 04 01
17 04 02
17 04 03
17 05 01
17 05 02
17 05 03
18 01 01
18 01 02
18 01 03
18 02 01
18 02 02
18 02 03
18 03 01
18 03 02
18 03 03
18 04 01
18 04 02
18 04 03
18 05 01
18 05 02
18 05 03
19 01 01
19 01 02
19 01 03
19 02 01
19 02 02
19 02 03
19 03 01
19 03 02
19 03 03
19 04 01
19 04 02
19 04 03
19 05 01
19 05 02
19 05 03
20 01 01
20 01 02
20 01 03
20 02 01
20 02 02
20 02 03
20 03 01
20 03 02
20 03 03
20 04 01
20 04 02
20 04 03
20 05 01
20 05 02
20 05 03
01 06 01
01 06 02
01 06 03
01 07 01
01 07 02
01 07 03
01 08 01
01 08 02
01 08 03
01 09 01
01 09 02
01 09 03
01 10 01
01 10 02
01 10 03
02 06 01
02 06 02
02 06 03
02 07 01
02 07 02
02 07 03
02 08 01
02 08 02
02 08 03
02 09 01
02 09 02
02 09 03
02 10 01
02 10 02
02 10 03
03 06 01
03 06 02
03 06 03
03 07 01
03 07 02
03 07 03
03 08 01
03 08 02
03 08 03
03 09 01
03 09 02
03 09 03
03 10 01
03 10 02
03 10 03
04 06 01
04 06 02
04 06 03
04 07 01
04 07 02
04 07 03
04 08 01
04 08 02
04 08 03
04 09 01
04 09 02
04 09 03
04 10 01
04 10 02
04 10 03
05 06 01
05 06 02
05 07 01
05 07 02
05 07 03
05 08 01
05 08 02
05 08 03
05 09 01
05 09 02
05 09 03
05 10 01
05 10 02
05 10 03
06 06 01
06 06 02
06 07 01
06 07 02
06 07 03
06 08 01
06 08 02
06 08 03
06 09 01
06 09 02
06 09 03
06 10 01
06 10 02
06 10 03
07 06 01
07 06 02
07 06 03
07 07 01
07 07 02
07 08 01
07 08 02
07 08 03
07 09 01
07 09 02
07 09 03
07 10 01
07 10 02
07 10 03
08 06 01
08 06 02
08 06 03
08 07 01
08 07 02
08 07 03
08 08 01
08 08 02
08 08 03
08 09 01
08 09 02
08 09 03
08 10 01
08 10 02
08 10 03
09 06 01
09 06 02
09 06 03
09 07 01
09 07 02
09 07 03
09 08 01
09 08 02
09 08 03
09 09 01
09 09 02
09 09 03
09 10 01
09 10 02
09 10 03
10 06 01
10 06 02
10 06 03
10 07 01
10 07 02
10 07 03
10 08 01
10 08 02
10 08 03
10 09 01
10 09 02
10 09 03
10 10 01
10 10 02
10 10 03
11 06 01
11 06 02
11 06 03
11 07 01
11 07 02
11 07 03
11 08 01
11 08 02
11 08 03
11 09 01
11 09 02
11 09 03
11 10 01
11 10 02
11 10 03
12 06 01
12 06 02
12 06 03
12 07 01
12 07 02
12 07 03
12 08 01
12 08 02
12 08 03
12 09 01
12 09 02
12 09 03
12 10 01
12 10 02
12 10 03
13 06 01
13 06 02
13 06 03
13 07 01
13 07 02
13 07 03
13 08 01
13 08 02
13 08 03
13 09 01
13 09 02
13 09 03
13 10 01
13 10 02
13 10 03
14 06 01
14 06 02
14 06 03
14 07 01
14 07 02
14 07 03
14 08 01
14 08 02
14 08 03
14 09 01
14 09 02
14 09 03
14 10 01
14 10 02
14 10 03
15 06 01
15 06 02
15 06 03
15 07 01
15 07 02
15 07 03
15 08 01
15 08 02
15 08 03
15 09 01
15 09 02
15 09 03
15 10 01
15 10 02
15 10 03
16 06 01
16 06 02
16 06 03
16 07 01
16 07 02
16 07 03
16 08 01
16 08 02
16 08 03
16 09 01
16 09 02
16 09 03
16 10 01
16 10 02
16 10 03
17 06 01
17 06 02
17 06 03
17 07 01
17 07 02
17 07 03
17 08 01
17 08 02
17 08 03
17 09 01
17 09 02
17 09 03
17 10 01
17 10 02
17 10 03
18 06 01
18 06 02
18 06 03
18 07 01
18 07 02
18 07 03
18 08 01
18 08 02
18 08 03
18 09 01
18 09 02
18 09 03
18 10 01
18 10 02
18 10 03
19 06 01
19 06 02
19 06 03
19 07 01
19 07 02
19 07 03
19 08 01
19 08 02
19 08 03
19 09 01
19 09 02
19 09 03
19 10 01
19 10 02
19 10 03
20 06 01
20 06 02
20 06 03
20 07 01
20 07 02
20 07 03
20 08 01
20 08 02
20 08 03
20 09 01
20 09 02
20 09 03
20 10 01
20 10 02
20 10 03
